comment,45 degrees Up
gyro_xout,gyro_yout,gyro_zout,accel_xout,accel_yout,accel_zout
-55.0000,-7.0000,57.0000,0.0183,-0.0095,0.9546
-539.0000,-1535.0000,49.0000,0.0046,0.0081,0.9282
-151.0000,-64.0000,56.0000,0.0168,-0.0098,0.9697
-91.0000,-20.0000,52.0000,0.0288,-0.0281,0.9668
-954.0000,-12.0000,-450.0000,0.0198,0.0093,0.9805
-3274.0000,-44.0000,-600.0000,0.0293,-0.0005,0.9858
-4972.0000,7.0000,-422.0000,0.0190,-0.0701,0.9683
-4332.0000,255.0000,34.0000,0.0312,-0.0940,0.9709
-4438.0000,4.0000,3.0000,0.0222,-0.1421,0.9646
-4128.0000,-15.0000,31.0000,0.0276,-0.1614,0.9631
-4387.0000,-35.0000,89.0000,0.0442,-0.2009,0.9534
-4401.0000,-18.0000,109.0000,0.0276,-0.2285,0.9519
-3447.0000,-10.0000,57.0000,0.0461,-0.2388,0.9495
-3885.0000,9.0000,22.0000,0.0459,-0.2844,0.9353
-3543.0000,25.0000,-24.0000,0.0139,-0.3030,0.9331
-3401.0000,33.0000,-68.0000,0.0261,-0.3440,0.9319
-2864.0000,83.0000,-148.0000,0.0330,-0.3689,0.9077
-1946.0000,64.0000,-157.0000,0.0349,-0.3835,0.8987
-1730.0000,13.0000,53.0000,0.0303,-0.3901,0.9136
-1984.0000,-19.0000,101.0000,0.0374,-0.4214,0.8899
-2541.0000,-220.0000,259.0000,0.0461,-0.4155,0.8918
-2361.0000,-223.0000,486.0000,0.0288,-0.4360,0.8904
-2875.0000,-253.0000,567.0000,0.0303,-0.4612,0.8835
-2181.0000,-140.0000,301.0000,0.0269,-0.4707,0.8535
-2431.0000,-121.0000,13.0000,0.0378,-0.4832,0.8601
-2721.0000,-148.0000,215.0000,0.0320,-0.4851,0.8547
-2951.0000,-71.0000,104.0000,0.0276,-0.5271,0.8340
-2414.0000,13.0000,2.0000,0.0325,-0.5369,0.8235
-2256.0000,55.0000,-75.0000,0.0461,-0.5530,0.8218
-2503.0000,-250.0000,61.0000,0.0305,-0.5732,0.8044
-2497.0000,2.0000,68.0000,0.0452,-0.5898,0.7964
-2385.0000,-126.0000,227.0000,0.0337,-0.6111,0.7769
-1689.0000,-252.0000,54.0000,0.0352,-0.6133,0.7632
-1296.0000,-98.0000,171.0000,0.0371,-0.6379,0.7676
-1092.0000,-108.0000,189.0000,0.0264,-0.6335,0.7583
-1069.0000,-176.0000,303.0000,0.0371,-0.6426,0.7578
-188.0000,28.0000,55.0000,0.0322,-0.6479,0.7598
-404.0000,-3.0000,108.0000,0.0337,-0.6431,0.7510
322.0000,217.0000,-163.0000,0.0315,-0.6438,0.7559
43.0000,50.0000,46.0000,0.0325,-0.6479,0.7566
36.0000,27.0000,66.0000,0.0322,-0.6260,0.7612
103.0000,54.0000,28.0000,0.0386,-0.6348,0.7598
-19.0000,21.0000,37.0000,0.0327,-0.6445,0.7583
-147.0000,55.0000,63.0000,0.0312,-0.6418,0.7661
-409.0000,-33.0000,102.0000,0.0342,-0.6470,0.7595
-235.0000,-38.0000,108.0000,0.0339,-0.6426,0.7546
-123.0000,43.0000,74.0000,0.0332,-0.6492,0.7473
-215.0000,14.0000,59.0000,0.0300,-0.6394,0.7400
-444.0000,54.0000,11.0000,0.0325,-0.6426,0.7556
-362.0000,15.0000,58.0000,0.0376,-0.6467,0.7527
-672.0000,-95.0000,228.0000,0.0332,-0.6467,0.7351
-337.0000,253.0000,35.0000,0.0317,-0.6455,0.7561
-214.0000,2.0000,59.0000,0.0457,-0.6489,0.7454
-338.0000,-108.0000,244.0000,0.0388,-0.6506,0.7522
216.0000,16.0000,254.0000,0.0320,-0.6501,0.7649
206.0000,72.0000,-46.0000,0.0278,-0.6458,0.7637
-73.0000,22.0000,70.0000,0.0315,-0.6492,0.7493
-172.0000,-3.0000,92.0000,0.0347,-0.6531,0.7476
-57.0000,-76.0000,186.0000,0.0312,-0.6545,0.7466
575.0000,37.0000,52.0000,0.0361,-0.6519,0.7410
695.0000,16.0000,93.0000,0.0376,-0.6484,0.7371
1903.0000,186.0000,-97.0000,0.0342,-0.6392,0.7476
3387.0000,208.0000,-86.0000,0.0457,-0.6160,0.7603
5432.0000,342.0000,-334.0000,0.0264,-0.6021,0.7747
7019.0000,399.0000,-412.0000,0.0286,-0.5500,0.8247
6758.0000,107.0000,77.0000,0.0305,-0.5022,0.8518
5436.0000,73.0000,135.0000,0.0322,-0.4556,0.8828
4090.0000,-95.0000,461.0000,0.0349,-0.4165,0.9104
3260.0000,-13.0000,221.0000,0.0278,-0.3977,0.9072
3032.0000,52.0000,75.0000,0.0310,-0.3765,0.8928
3032.0000,16.0000,137.0000,0.0259,-0.3462,0.9136
3104.0000,32.0000,75.0000,0.0249,-0.3315,0.9250
2802.0000,7.0000,225.0000,0.0256,-0.3069,0.9358
3402.0000,32.0000,144.0000,0.0278,-0.2834,0.9377
4219.0000,22.0000,165.0000,0.0308,-0.2581,0.9302
4813.0000,58.0000,86.0000,0.0249,-0.2163,0.9502
4538.0000,86.0000,52.0000,0.0261,-0.1746,0.9824
3283.0000,33.0000,30.0000,0.0242,-0.1489,0.9722
2977.0000,59.0000,-52.0000,0.0417,-0.1384,0.9575
2832.0000,20.0000,-1.0000,0.0359,-0.1143,0.9717
2417.0000,16.0000,90.0000,0.0283,-0.0911,0.9758
1973.0000,7.0000,193.0000,0.0322,-0.0715,0.9856
1590.0000,25.0000,368.0000,0.0227,-0.0576,0.9556
961.0000,28.0000,304.0000,0.0298,-0.0352,0.9937
1430.0000,36.0000,367.0000,0.0239,-0.0281,0.9641
978.0000,27.0000,85.0000,0.0308,-0.0234,0.9819
946.0000,45.0000,61.0000,0.0430,-0.0225,0.9626
272.0000,16.0000,76.0000,0.0312,-0.0056,0.9700
-88.0000,245.0000,54.0000,0.0310,-0.0308,0.9709
-45.0000,21.0000,86.0000,0.0286,-0.0146,0.9731
-35.0000,9.0000,75.0000,0.0168,-0.0132,0.9775
-48.0000,-252.0000,47.0000,0.0269,-0.0081,0.9763
-47.0000,11.0000,69.0000,0.0193,-0.0310,0.9539
1278.0000,1478.0000,117.0000,-0.1172,0.0684,0.6528
132.0000,387.0000,26.0000,-0.0149,-0.0068,0.8682
-28.0000,128.0000,54.0000,0.0071,-0.0122,0.9841
-84.0000,248.0000,67.0000,0.0037,-0.0120,0.9775
-81.0000,-8.0000,81.0000,0.0198,0.0137,0.9812
-67.0000,18.0000,69.0000,0.0254,-0.0056,0.9749
-83.0000,15.0000,99.0000,0.0208,-0.0056,0.9753
-66.0000,39.0000,83.0000,