spo2,heartrate
42.5000,0.0000,776.0000
63.7506,0.0000,792.0000
74.3811,0.0000,856.0000
79.7237,0.0000,968.0000
82.3979,0.0000,968.0000
83.7347,0.0000,976.0000
84.4001,0.0000,968.0000
84.7296,0.0000,952.0000
84.8911,0.0000,904.0000
84.9695,0.0000,936.0000
85.0066,0.0000,896.0000
85.0233,0.0000,920.0000
85.0302,0.0000,896.0000
85.0324,0.0000,904.0000
85.0328,0.0000,880.0000
85.0321,0.0000,888.0000
85.7400,0.0000,2552.0000
86.4302,0.0000,2664.0000
86.9397,0.0000,2752.0000
87.1701,0.0000,968.0000
87.2615,0.0000,968.0000
87.3969,0.0000,2816.0000
87.4495,0.0000,968.0000
87.4604,0.0000,968.0000
87.4502,0.0000,968.0000
87.4292,0.0000,968.0000
87.4943,0.0000,2936.0000
87.5156,0.0000,976.0000
87.5145,0.0000,976.0000
87.5021,0.0000,976.0000
87.5633,0.0000,3096.0000
87.5870,0.0000,968.0000
87.5915,0.0000,968.0000
87.5861,0.0000,968.0000
87.5753,0.0000,968.0000
87.6446,0.0000,3336.0000
87.6753,0.0000,952.0000
87.6863,0.0000,952.0000
87.6870,0.0000,952.0000
87.6821,0.0000,952.0000
87.7691,0.0000,3664.0000
87.8137,0.0000,904.0000
87.8365,0.0000,904.0000
87.8479,0.0000,904.0000
87.9391,0.0000,3984.0000
87.9842,0.0000,936.0000
88.0059,0.0000,936.0000
88.0155,0.0000,936.0000
88.0187,0.0000,936.0000
88.0827,0.0000,4040.0000
88.1186,0.0000,896.0000
88.1398,0.0000,896.0000
88.1533,0.0000,896.0000
88.1972,0.0000,4000.0000
88.2215,0.0000,920.0000
88.2357,0.0000,920.0000
88.2444,0.0000,920.0000
88.2501,0.0000,920.0000
88.2855,0.0000,4104.0000
88.3076,0.0000,896.0000
88.3227,0.0000,896.0000
88.3340,0.0000,896.0000
88.3628,0.0000,4136.0000
88.3807,0.0000,904.0000
88.3928,0.0000,904.0000
88.4017,0.0000,904.0000
88.4087,0.0000,904.0000
88.4310,0.0000,4160.0000
88.4470,0.0000,880.0000
88.4595,0.0000,880.0000
88.4729,0.0000,4128.0000
88.4843,0.0000,888.0000
88.4943,0.0000,888.0000
88.5031,0.0000,4152.0000
88.4781,0.0000,2552.0000
88.4369,0.0000,2552.0000
88.3887,0.0000,2552.0000
88.3627,0.0000,4160.0000
88.3232,0.0000,2664.0000
88.2778,0.0000,2664.0000
88.2302,0.0000,2664.0000
88.1995,0.0000,4136.0000
88.1603,0.0000,2752.0000
88.1177,0.0000,2752.0000
88.0740,0.0000,2752.0000
88.0303,0.0000,2752.0000
88.0008,0.0000,4160.0000
87.9650,0.0000,2816.0000
87.9267,0.0000,2816.0000
87.8876,0.0000,2816.0000
87.8605,0.0000,4168.0000
87.8279,0.0000,2936.0000
87.7930,0.0000,2936.0000
87.7575,0.0000,2936.0000
87.7311,0.0000,4176.0000
87.7007,0.0000,3096.0000
87.6687,0.0000,3096.0000
87.6362,0.0000,3096.0000
87.6107,0.0000,4168.0000
87.5826,0.0000,3336.0000
87.5536,0.0000,3336.0000
87.5294,0.0000,4168.0000
87.5044,0.0000,3664.0000
87.4792,0.0000,3664.0000
87.4540,0.0000,3664.0000
87.4312,0.0000,4168.0000
87.4085,0.0000,3984.0000
87.3857,0.0000,3984.0000
87.3629,0.0000,3984.0000
87.3415,0.0000,4168.0000
87.3199,0.0000,4040.0000
87.2983,0.0000,4040.0000
87.2768,0.0000,4040.0000
87.2559,0.0000,4168.0000
87.2347,0.0000,4000.0000
87.2133,0.0000,4000.0000
87.1919,0.0000,4000.0000
87.1713,0.0000,4176.0000
87.1510,0.0000,4104.0000
87.1311,0.0000,4104.0000
87.1115,0.0000,4216.0000
87.0923,0.0000,4136.0000
87.0733,0.0000,4136.0000
87.0546,0.0000,4136.0000
87.0362,0.0000,4272.0000
87.0184,0.0000,4160.0000
87.0009,0.0000,4160.0000
86.9837,0.0000,4160.0000
86.9665,0.0000,4312.0000
86.9491,0.0000,4128.0000
86.9318,0.0000,4128.0000
86.9151,0.0000,4360.0000
86.8985,0.0000,4152.0000
86.8822,0.0000,4152.0000
86.8661,0.0000,4152.0000
86.8507,0.0000,4392.0000
86.8351,0.0000,4160.0000
86.8196,0.0000,4160.0000
86.8046,0.0000,4384.0000
86.7894,0.0000,4136.0000
86.7741,0.0000,4136.0000
86.7590,0.0000,4136.0000
86.7445,0.0000,4360.0000
86.7301,0.0000,4160.0000
86.7157,0.0000,4160.0000
86.7020,0.0000,4376.0000
86.6884,0.0000,4168.0000
86.6750,0.0000,4168.0000
86.6617,0.0000,4168.0000
86.6488,0.0000,4344.0000
86.6360,0.0000,4176.0000
86.6232,0.0000,4176.0000
86.6106,0.0000,4336.0000
86.5981,0.0000,4168.0000
86.5857,0.0000,4168.0000
86.5735,0.0000,4344.0000
86.5614,0.0000,4168.0000
86.5494,0.0000,4168.0000
86.5379,0.0000,4392.0000
86.5263,0.0000,4168.0000
86.5148,0.0000,4168.0000
86.5035,0.0000,4168.0000
86.4926,0.0000,4432.0000
86.4817,0.0000,4168.0000
86.4710,0.0000,4168.0000
86.4608,0.0000,4496.0000
86.4506,0.0000,4168.0000
86.4404,0.0000,4168.0000
86.4306,0.0000,4520.0000
86.4207,0.0000,4176.0000
86.4107,0.0000,4176.0000
86.4008,0.0000,4176.0000
86.3915,0.0000,4560.0000
86.3821,0.0000,4216.0000
86.3726,0.0000,4216.0000
86.3638,0.0000,4608.0000
86.3548,0.0000,4272.0000
86.3458,0.0000,4272.0000
86.3375,0.0000,4640.0000
86.3289,0.0000,4312.0000
86.3202,0.0000,4312.0000
86.3115,0.0000,4312.0000
86.3036,0.0000,4632.0000
86.2954,0.0000,4360.0000
86.2872,0.0000,4360.0000
86.2797,0.0000,4688.0000
86.2721,0.0000,4392.0000
86.2644,0.0000,4392.0000
86.2572,0.0000,4720.0000
86.2497,0.0000,4384.0000
86.2422,0.0000,4384.0000
86.2353,0.0000,4776.0000
86.2281,0.0000,4360.0000
86.2208,0.0000,4360.0000
86.2140,0.0000,4736.0000
86.2071,0.0000,4376.0000
86.2000,0.0000,4376.0000
86.1937,0.0000,4800.0000
86.1870,0.0000,4344.0000
86.1803,0.0000,4344.0000
86.1741,0.0000,4784.0000
86.1675,0.0000,4336.0000
86.1609,0.0000,4336.0000
86.1548,0.0000,4768.0000
86.1484,0.0000,4344.0000
86.1419,0.0000,4344.0000
86.1360,0.0000,4768.0000
86.1298,0.0000,4392.0000
86.1236,0.0000,4392.0000
86.1178,0.0000,4760.0000
86.1118,0.0000,4432.0000
86.1058,0.0000,4432.0000
86.1002,0.0000,4784.0000
86.0946,0.0000,4496.0000
86.0889,0.0000,4496.0000
86.0837,0.0000,4824.0000
86.0783,0.0000,4520.0000
86.0728,0.0000,4520.0000
86.0678,0.0000,4864.0000
86.0626,0.0000,4560.0000
86.0573,0.0000,4560.0000
86.0525,0.0000,4912.0000
86.0475,0.0000,4608.0000
86.0425,0.0000,4608.0000
86.0379,0.0000,4936.0000
86.0331,0.0000,4640.0000
86.0283,0.0000,4640.0000
86.0240,0.0000,4992.0000
86.0194,0.0000,4632.0000
86.0147,0.0000,4632.0000
86.0107,0.0000,5048.0000
86.0065,0.0000,4688.0000
86.0021,0.0000,4688.0000
85.9982,0.0000,5016.0000
85.9939,0.0000,4720.0000
85.9896,0.0000,4720.0000
85.9856,0.0000,5000.0000
85.9815,0.0000,4776.0000
85.9773,0.0000,4776.0000
85.9735,0.0000,4992.0000
85.9694,0.0000,4736.0000
85.9655,0.0000,4992.0000
85.9616,0.0000,4800.0000
85.9576,0.0000,4800.0000
85.9540,0.0000,5032.0000
85.9502,0.0000,4784.0000
85.9463,0.0000,4784.0000
85.9426,0.0000,5032.0000
85.9388,0.0000,4768.0000
85.9349,0.0000,4768.0000
85.9314,0.0000,5048.0000
85.9277,0.0000,4768.0000
85.9239,0.0000,4768.0000
85.9205,0.0000,5080.0000
85.9169,0.0000,4760.0000
85.9136,0.0000,5104.0000
85.9101,0.0000,4784.0000
85.9064,0.0000,4784.0000
85.9033,0.0000,5144.0000
85.8999,0.0000,4824.0000
85.8964,0.0000,4824.0000
85.8933,0.0000,5128.0000
85.8901,0.0000,4864.0000
85.8870,0.0000,5048.0000
85.8838,0.0000,4912.0000
85.8805,0.0000,4912.0000
85.8775,0.0000,5080.0000
85.8744,0.0000,4936.0000
85.8712,0.0000,4936.0000
85.8681,0.0000,5048.0000
85.8651,0.0000,4992.0000
85.8622,0.0000,5112.0000
85.8594,0.0000,5048.0000
85.8566,0.0000,5048.0000
85.8539,0.0000,5136.0000
85.8511,0.0000,5016.0000
85.8485,0.0000,5128.0000
85.8457,0.0000,5000.0000
85.8431,0.0000,5176.0000
85.8403,0.0000,4992.0000
85.8375,0.0000,4992.0000
85.8350,0.0000,5184.0000
85.8322,0.0000,4992.0000
85.8298,0.0000,5200.0000
85.8272,0.0000,5032.0000
85.8245,0.0000,5032.0000
85.8220,0.0000,5176.0000
85.8194,0.0000,5032.0000
85.8170,0.0000,5208.0000
85.8145,0.0000,5048.0000
85.8119,0.0000,5048.0000
85.8095,0.0000,5176.0000
85.8070,0.0000,5080.0000
85.8046,0.0000,5168.0000
85.8022,0.0000,5104.0000
85.7997,0.0000,5104.0000
85.7973,0.0000,5176.0000
85.7950,0.0000,5144.0000
85.7927,0.0000,5216.0000
85.7903,0.0000,5128.0000
85.7880,0.0000,5128.0000
85.7858,0.0000,5256.0000
85.7835,0.0000,5048.0000
85.7813,0.0000,5280.0000
85.7791,0.0000,5080.0000
85.7768,0.0000,5080.0000
85.7748,0.0000,5328.0000
85.7726,0.0000,5048.0000
85.7705,0.0000,5288.0000
85.7684,0.0000,5112.0000
85.7662,0.0000,5112.0000
85.7642,0.0000,5296.0000
85.7621,0.0000,5136.0000
85.7600,0.0000,5224.0000
85.7579,0.0000,5128.0000
85.7557,0.0000,5128.0000
85.7537,0.0000,5248.0000
85.7516,0.0000,5176.0000
85.7495,0.0000,5200.0000
85.7475,0.0000,5184.0000
85.7456,0.0000,5256.0000
85.7436,0.0000,5200.0000
85.7416,0.0000,5200.0000
85.7397,0.0000,5264.0000
85.7377,0.0000,5176.0000
85.7359,0.0000,5344.0000
85.7340,0.0000,5208.0000
85.7321,0.0000,5208.0000
85.7303,0.0000,5336.0000
85.7285,0.0000,5176.0000
85.7267,0.0000,5328.0000
85.7248,0.0000,5168.0000
85.7230,0.0000,5312.0000
85.7211,0.0000,5176.0000
85.7192,0.0000,5176.0000
85.7174,0.0000,5320.0000
85.7155,0.0000,5216.0000
85.7139,0.0000,5360.0000
85.7121,0.0000,5256.0000
85.7104,0.0000,5336.0000
85.7087,0.0000,5280.0000
85.7070,0.0000,5280.0000
85.7053,0.0000,5328.0000
85.7037,0.0000,5328.0000
85.7021,0.0000,5344.0000
85.7005,0.0000,5288.0000
85.6989,0.0000,5344.0000
85.6973,0.0000,5296.0000
85.6957,0.0000,5328.0000
85.6940,0.0000,5224.0000
85.6922,0.0000,5224.0000
85.6905,0.0000,5216.0000
85.6888,0.0000,5248.0000
85.6869,0.0000,5080.0000
85.6851,0.0000,5200.0000
85.6832,0.0000,4880.0000
85.6814,0.0000,5256.0000
85.6796,0.0000,5256.0000
85.6777,0.0000,4672.0000
85.6758,0.0000,5264.0000
85.6739,0.0000,4592.0000
85.6721,0.0000,5344.0000
85.6703,0.0000,4296.0000
85.6686,0.0000,5336.0000
85.6670,0.0000,3888.0000
85.6655,0.0000,5328.0000
85.6641,0.0000,3672.0000
85.6626,0.0000,5312.0000
85.6612,0.0000,5312.0000
85.6601,0.0000,3384.0000
85.6589,0.0000,5320.0000
85.6581,0.0000,3176.0000
85.6571,0.0000,5360.0000
85.6565,0.0000,3120.0000
85.6555,0.0000,5336.0000
85.6550,0.0000,3024.0000
85.6541,0.0000,5328.0000
85.6529,0.0000,5328.0000
85.6526,0.0000,2736.0000
85.6517,0.0000,5344.0000
85.6519,0.0000,2464.0000
85.6513,0.0000,5344.0000
85.6515,0.0000,2328.0000
85.6509,0.0000,5328.0000
85.6514,0.0000,2192.0000
85.6508,0.0000,5216.0000
85.6513,0.0000,2080.0000
85.6508,0.0000,5080.0000
85.6514,0.0000,1976.0000
85.6508,0.0000,4880.0000
85.6496,0.0000,4880.0000
85.6499,0.0000,1888.0000
85.6491,0.0000,4672.0000
85.6498,0.0000,1720.0000
85.6493,0.0000,4592.0000
85.6503,0.0000,1632.0000
85.6500,0.0000,4296.0000
85.6509,0.0000,1632.0000
85.6507,0.0000,3888.0000
85.6518,0.0000,1536.0000
85.6519,0.0000,3672.0000
85.6534,0.0000,1392.0000
85.6539,0.0000,3384.0000
85.6557,0.0000,1256.0000
85.6565,0.0000,3176.0000
85.6586,0.0000,1144.0000
85.6596,0.0000,3120.0000
85.6600,0.0000,3120.0000
85.6618,0.0000,1080.0000
85.6627,0.0000,3024.0000
85.6647,0.0000,1072.0000
85.6659,0.0000,2736.0000
85.6681,0.0000,1112.0000
85.6696,0.0000,2464.0000
85.6717,0.0000,1192.0000
85.6732,0.0000,2328.0000
85.6751,0.0000,1288.0000
85.6767,0.0000,2192.0000
85.6785,0.0000,1608.0000
85.6800,0.0000,2080.0000
85.6805,0.0000,2944.0000
85.6815,0.0000,1976.0000
85.6819,0.0000,5344.0000
85.6828,0.0000,1888.0000
85.6893,0.0000,8040.0000
85.6935,0.0000,1720.0000
85.7040,0.0000,7992.0000
85.7104,0.0000,1632.0000
85.7252,0.0000,8472.0000
85.7336,0.0000,1632.0000
85.7623,11.2933,10360.0000
85.7778,11.2933,1536.0000
85.8168,1654.8138,11184.0000
85.8377,1654.8138,1392.0000
85.8804,2465.5874,11360.0000
85.9032,2465.5874,1256.0000
85.9162,2465.5874,1256.0000
85.9575,2320.1442,11728.0000
85.9798,2320.1442,1144.0000
86.0258,2785.5597,11856.0000
86.0504,2785.5597,1080.0000
86.0967,3015.1030,11912.0000
86.1214,3015.1030,1072.0000
86.1671,3108.0637,11976.0000
86.1915,3108.0637,1112.0000
86.2352,3160.1135,11928.0000
86.2858,3160.1135,11736.0000
86.3123,3160.1135,1288.0000
86.3519,2645.1707,11584.0000
86.3727,2645.1707,1608.0000
86.4075,2937.4855,11472.0000
86.4245,2937.4855,2944.0000
86.4562,3038.6836,11424.0000
86.4703,3038.6836,5344.0000
86.4992,3092.5759,11384.0000
86.5141,3092.5759,8040.0000
86.5429,3092.5759,11464.0000
86.5595,3092.5759,7992.0000
86.5889,2338.8066,11616.0000
86.6078,2338.8066,8472.0000
86.6306,2734.2669,10496.0000
86.6538,2734.2669,10360.0000
86.6731,2734.2669,9520.0000
86.6986,2406.4544,11184.0000
86.7162,2406.4544,8888.0000
86.7415,2757.7119,11360.0000
86.7581,2757.7119,8824.0000
86.7846,2922.3834,11728.0000
86.8030,2922.3834,9264.0000
86.8304,3007.7429,11856.0000
86.8506,3007.7429,9768.0000
86.8783,3052.0987,11912.0000
86.9000,3052.0987,10216.0000
86.9279,3060.1839,11976.0000
86.9503,3060.1839,10504.0000
86.9773,3065.7971,11928.0000
86.9990,3065.7971,10584.0000
87.0184,3068.3679,10696.0000
87.0407,4589.1738,11584.0000
87.0600,4589.1738,10728.0000
87.0810,3817.9708,11472.0000
87.0994,3817.9708,10808.0000
87.1191,3433.0659,11424.0000
87.1367,3433.0659,10904.0000
87.1552,3236.9059,11384.0000
87.1718,3236.9059,10920.0000
87.1893,3100.8129,11464.0000
87.2052,3100.8129,10960.0000
87.2222,3050.9316,11616.0000
87.2374,3050.9316,10984.0000
87.2498,3050.9316,10496.0000
87.2623,2521.8125,10976.0000
87.2702,2521.8125,9520.0000
87.2804,2781.9730,11040.0000
87.2857,2781.9730,8888.0000
87.2941,2872.1023,10992.0000
87.3040,2872.1023,10992.0000
87.3095,2872.1023,9264.0000
87.3179,2429.6918,11048.0000
87.3235,2429.6918,9768.0000
87.3316,2699.3330,11024.0000
87.3381,2699.3330,10216.0000
87.3464,2821.0481,11040.0000
87.3535,2821.0481,10504.0000
87.3620,2821.0481,11088.0000
87.3693,2821.0481,10584.0000
87.3774,2821.0481,11040.0000
87.3845,2821.0481,10696.0000
87.3924,2821.0481,11048.0000
87.3993,2821.0481,10728.0000
87.4067,2821.0481,11056.0000
87.4145,2821.0481,11072.0000
87.4215,2821.0481,10904.0000
87.4287,2821.0481,11056.0000
87.4352,2821.0481,10920.0000
87.4421,2821.0481,11072.0000
87.4483,2821.0481,10960.0000
87.4548,2821.0481,11056.0000
87.4607,2821.0481,10984.0000
87.4667,2821.0481,11024.0000
87.4722,2821.0481,10976.0000
87.4775,2821.0481,10920.0000
87.4821,2821.0481,10712.0000
87.4867,1549.7449,10992.0000
87.4906,1549.7449,10600.0000
87.4948,2196.8082,10992.0000
87.4981,2196.8082,10544.0000
87.5021,2535.9430,11048.0000
87.5052,2535.9430,10536.0000
87.5087,2685.0712,11024.0000
87.5116,2685.0712,10544.0000
87.5140,2758.9662,10576.0000
87.5172,4215.5580,11088.0000
87.5199,4215.5580,10616.0000
87.5229,3529.4452,11040.0000
87.5254,3529.4452,10624.0000
87.5283,3180.4847,11048.0000
87.5306,3180.4847,10688.0000
87.5334,2995.2630,11056.0000
87.5356,2995.2630,10696.0000
87.5375,2907.0085,10736.0000
87.5399,4148.1957,11056.0000
87.5419,4148.1957,10768.0000
87.5442,3489.0587,11072.0000
87.5461,3489.0587,10776.0000
87.5483,3139.7484,11056.0000
87.5500,3139.7484,10768.0000
87.5513,3139.7484,10736.0000
87.5528,2494.0032,10920.0000
87.5540,2494.0032,10768.0000
87.5551,2494.0032,10760.0000
87.5557,2494.0032,10600.0000
87.5564,2494.0032,10760.0000
87.5567,2494.0032,10544.0000
87.5572,1709.8360,10784.0000
87.5578,1709.8360,10792.0000
87.5580,1709.8360,10544.0000
87.5583,1768.2990,10776.0000
87.5583,1768.2990,10576.0000
87.5585,2246.4855,10792.0000
87.5584,2246.4855,10616.0000
87.5585,2495.1730,10816.0000
87.5587,2495.1730,10792.0000
87.5587,2495.1730,10688.0000
87.5587,2155.4394,10784.0000
87.5585,2155.4394,10696.0000
87.5584,2155.4394,10816.0000
87.5582,2155.4394,10736.0000
87.5581,2155.4394,10824.0000
87.5580,2155.4394,10824.0000
87.5578,2155.4394,10776.0000
87.5575,2155.4394,10832.0000
87.5572,2155.4394,10768.0000
87.5569,1378.1012,10832.0000
87.5565,1378.1012,10824.0000
87.5560,1378.1012,10768.0000
87.5556,1378.1012,10864.0000
87.5550,1378.1012,10760.0000
87.5544,1227.9211,10848.0000
87.5539,1227.9211,10840.0000
87.5532,1227.9211,10784.0000
87.5525,1500.5116,10856.0000
87.5519,1500.5116,10896.0000
87.5512,1500.5116,10776.0000
87.5504,1634.5594,10856.0000
87.5495,1634.5594,10792.0000
87.5487,1634.5594,10864.0000
87.5478,1634.5594,10816.0000
87.5468,1634.5594,10792.0000
87.5456,1634.5594,10736.0000
87.5445,1257.4399,10784.0000
87.5430,1257.4399,10528.0000
87.5412,1257.4399,10408.0000
87.5398,1510.8394,10824.0000
87.5379,1510.8394,10336.0000
87.5364,2050.9802,10824.0000
87.5344,2050.9802,10304.0000
87.5323,2050.9802,10336.0000
87.5306,1893.9729,10832.0000
87.5286,1893.9729,10352.0000
87.5269,2258.6339,10824.0000
87.5249,2258.6339,10400.0000
87.5228,2413.3436,10432.0000
87.5211,3788.8719,10848.0000
87.5191,3788.8719,10456.0000
87.5174,3173.6445,10840.0000
87.5155,3173.6445,10496.0000
87.5135,3173.6445,10520.0000
87.5117,2451.5999,10896.0000
87.5099,2451.5999,10560.0000
87.5082,2494.3525,10856.0000
87.5063,2494.3525,10576.0000
87.5042,2494.3525,10552.0000
87.5024,2097.8298,10816.0000
87.5004,2097.8298,10576.0000
87.4983,2097.8298,10528.0000
87.4961,2097.8298,10528.0000
87.4939,2097.8298,10512.0000
87.4915,2097.8298,10408.0000
87.4892,1473.2791,10504.0000
87.4868,1473.2791,10512.0000
87.4843,1473.2791,10304.0000
87.4819,1577.4703,10520.0000
87.4795,3315.2637,10536.0000
87.4770,3315.2637,10352.0000
87.4746,2925.8091,10536.0000
87.4721,2925.8091,10400.0000
87.4697,2709.4765,10552.0000
87.4673,3901.2114,10568.0000
87.4649,3901.2114,10456.0000
87.4625,3196.2977,10600.0000
87.4602,3196.2977,10568.0000
87.4578,3196.2977,10520.0000
87.4555,2434.5256,10584.0000
87.4531,2434.5256,10560.0000
87.4508,2434.5256,10616.0000
87.4484,2434.5256,10584.0000
87.4460,2434.5256,10552.0000
87.4437,2434.5256,10608.0000
87.4414,2434.5256,10616.0000
87.4390,2434.5256,10528.0000
87.4366,1527.9891,10640.0000
87.4342,1527.9891,10512.0000
87.4318,2005.1513,10664.0000
87.4295,2005.1513,10656.0000
87.4271,2005.1513,10512.0000
87.4247,1826.5025,10656.0000
87.4223,1826.5025,10528.0000
87.4198,2147.3621,10536.0000
87.4172,2147.3621,10360.0000
87.4145,2147.3621,10224.0000
87.4119,1887.7481,10552.0000
87.4090,1887.7481,10136.0000
87.4064,2170.7174,10568.0000
87.4035,2170.7174,10136.0000
87.4006,2291.6798,10168.0000
87.3979,3610.3105,10568.0000
87.3951,3610.3105,10176.0000
87.3922,3013.9066,10232.0000
87.3896,3927.6747,10616.0000
87.3868,3927.6747,10240.0000
87.3840,3178.4122,10272.0000
87.3813,4023.2832,10608.0000
87.3786,4023.2832,10328.0000
87.3759,4023.2832,10328.0000
87.3733,2815.5432,10640.0000
87.3707,2815.5432,10376.0000
87.3680,2815.5432,10416.0000
87.3655,2211.2856,10656.0000
87.3629,2211.2856,10408.0000
87.3602,2211.2856,10416.0000
87.3576,1900.1975,10528.0000
87.3550,1900.1975,10408.0000
87.3523,1900.1975,10360.0000
87.3496,1747.3774,10432.0000
87.3469,1747.3774,10416.0000
87.3441,1747.3774,10136.0000
87.3413,1676.2998,10448.0000
87.3387,3215.5174,10464.0000
87.3358,3215.5174,10168.0000
87.3331,2792.7332,10480.0000
87.3305,3779.2101,10496.0000
87.3277,3779.2101,10232.0000
87.3251,3070.1961,10528.0000
87.3225,3879.0312,10568.0000
87.3198,3879.0312,10272.0000
87.3172,3120.0138,10560.0000
87.3147,3939.4485,10592.0000
87.3121,3939.4485,10328.0000
87.3095,3132.6502,10592.0000
87.3070,3930.2050,10600.0000
87.3045,3930.2050,10416.0000
87.3019,3143.5140,10600.0000
87.2995,3143.5140,10600.0000
87.2969,3143.5140,10416.0000
87.2944,2346.3703,10624.0000
87.2920,2346.3703,10624.0000
87.2894,2346.3703,10432.0000
87.2869,1947.7985,10616.0000
87.2845,1947.7985,10664.0000
87.2821,1947.7985,10632.0000
87.2796,1947.7985,10464.0000
87.2771,1552.1010,10608.0000
87.2746,1552.1010,10480.0000
87.2721,1930.0298,10496.0000
87.2694,1930.0298,10288.0000
87.2667,1930.0298,10184.0000
87.2639,1930.0298,10168.0000
87.2612,1541.1513,10560.0000
87.2585,1541.1513,10168.0000
87.2557,1541.1513,10200.0000
87.2531,1538.0943,10592.0000
87.2504,1538.0943,10240.0000
87.2477,1918.4284,10256.0000
