1521048685.7576427745,745,745,745,-175.9283|Stomach
745,745,745,745,-175.5416|Stomach
745,745,745,745,-175.4660|Stomach
745,745,745,745,-175.5680|Stomach
745,745,745,745,-176.1435|Stomach
745,745,745,745,-176.6747|Stomach
745,745,745,745,-177.0551|Stomach
745,745,745,745,-177.0269|Stomach
745,745,745,745,-176.3752|Stomach
745,745,745,745,-176.3399|Stomach
745,745,745,745,-176.2420|Stomach
745,745,745,745,-175.9418|Stomach
745,745,745,745,-176.4974|Stomach
745,745,745,745,-176.5382|Stomach
745,745,745,745,-176.7291|Stomach
745,745,745,745,-176.3340|Stomach
745,745,745,745,-176.9738|Stomach
745,745,745,745,-175.1491|Stomach
745,745,745,745,-176.0874|Stomach
745,745,745,745,-175.6294|Stomach
745,745,745,745,-175.2064|Stomach
745,745,745,745,-175.2577|Stomach
745,745,745,745,-176.0617|Stomach
745,745,745,745,-176.3268|Stomach
745,745,745,745,-178.3796|Stomach
745,745,745,745,-178.2805|Stomach
745,745,745,745,-177.0248|Stomach
745,745,745,745,-176.0939|Stomach
745,745,745,745,-179.1976|Stomach
745,745,745,745,-179.5368|Stomach
745,745,745,745,-176.5500|Stomach
745,745,745,745,-178.1519|Stomach
745,745,745,745,-178.1420|Stomach
745,745,745,745,-178.0652|Stomach
745,745,745,745,-178.7325|Stomach
745,745,745,745,179.5965|Stomach
745,745,745,745,-179.8901|Stomach
745,745,745,745,-178.3478|Stomach
745,745,745,745,-177.3349|Stomach
745,745,745,745,-178.7758|Stomach
745,745,745,745,-179.5166|Stomach
745,745,745,745,-177.9727|Stomach
745,745,745,745,-174.1901|Stomach
745,745,745,745,-175.1296|Stomach
745,745,745,745,-175.3816|Stomach
745,745,745,745,-175.2024|Stomach
745,745,745,745,-174.4112|Stomach
745,745,745,745,-175.5387|Stomach
745,745,745,745,-175.1552|Stomach
745,745,745,745,-177.6445|Stomach
745,745,745,745,-175.6370|Stomach
745,745,745,745,-177.5132|Stomach
745,745,745,745,-177.9372|Stomach
745,745,745,745,179.2956|Stomach
745,745,745,745,179.1914|Stomach
745,745,745,745,-179.2391|Stomach
745,745,745,745,-178.5308|Stomach
745,745,745,745,-178.3679|Stomach
745,745,745,745,-177.6695|Stomach
745,745,745,745,-178.3300|Stomach
745,745,745,745,-178.8605|Stomach
745,745,745,745,-179.7771|Stomach
745,745,745,745,179.8950|Stomach
745,745,745,745,178.9888|Stomach
745,745,745,745,-178.2979|Stomach
745,745,745,745,178.7117|Stomach
745,745,745,745,-176.3035|Stomach
745,745,745,745,179.1650|Stomach
745,745,745,745,-179.5699|Stomach
745,745,745,745,-179.1771|Stomach
745,745,745,744,179.1862|Stomach
745,745,745,745,-179.8027|Stomach
745,745,744,744,-179.2150|Stomach
745,745,745,745,-179.5298|Stomach
745,745,745,745,179.4591|Stomach
745,744,745,744,179.1684|Stomach
745,745,745,745,178.4616|Stomach
745,744,744,744,179.0356|Stomach
745,745,745,744,178.1070|Stomach
744,745,745,745,178.2552|Stomach
744,745,745,744,178.4084|Stomach
745,745,745,744,177.5867|Stomach
744,745,745,745,178.1206|Stomach
745,745,745,745,178.6125|Stomach
745,744,744,745,179.0504|Stomach
744,744,745,745,179.3786|Stomach
745,745,744,745,179.7168|Stomach
744,745,744,744,179.6260|Stomach
744,745,745,745,179.2032|Stomach
745,744,745,745,179.4464|Stomach
744,744,745,745,179.6469|Stomach
744,745,745,744,179.0444|Stomach
745,744,745,744,179.0303|Stomach
745,744,744,745,179.5187|Stomach
744,745,744,744,178.6991|Stomach
745,744,745,744,179.0945|Stomach
744,744,745,744,179.1370|Stomach
745,744,744,744,179.4720|Stomach
744,745,745,745,179.5593|Stomach
744,744,744,744,179.3117|Stomach
744,744,744,744,179.7560|Stomach
744,744,744,744,179.4818|Stomach
744,744,744,744,179.6326|Stomach
744,744,744,744,179.2725|Stomach
744,744,744,744,179.4027|Stomach
744,744,744,744,179.4575|Stomach
744,744,744,744,178.8268|Stomach
744,744,744,744,179.9538|Stomach
744,744,744,744,178.7403|Stomach
744,744,744,744,179.0125|Stomach
744,744,744,744,178.1412|Stomach
744,744,744,744,177.9907|Stomach
744,744,744,744,178.4374|Stomach
744,744,744,744,178.8672|Stomach
744,744,744,744,178.1611|Stomach
744,744,744,744,179.4262|Stomach
744,744,744,744,179.9398|Stomach
744,744,744,744,-179.4702|Stomach
744,744,744,744,-179.4762|Stomach
744,744,744,744,-179.4613|Stomach
744,744,744,744,-179.1777|Stomach
744,744,744,744,-179.5744|Stomach
744,744,744,744,-179.6020|Stomach
744,744,744,744,-179.6485|Stomach
744,744,744,744,-179.8782|Stomach
744,744,744,744,-179.5432|Stomach
744,744,744,744,-178.8503|Stomach
744,744,744,744,-179.1485|Stomach
744,744,744,744,-178.3261|Stomach
744,744,744,744,-178.8758|Stomach
744,744,744,744,-178.5528|Stomach
744,744,744,744,-178.7908|Stomach
744,744,744,744,-178.9185|Stomach
744,744,744,744,-179.3210|Stomach
744,744,744,744,-179.5762|Stomach
744,744,744,744,-179.5990|Stomach
744,744,744,744,-179.7841|Stomach
744,744,744,744,-179.2835|Stomach
744,744,744,744,-179.1158|Stomach
744,744,744,744,-178.7331|Stomach
744,744,744,744,-178.2699|Stomach
744,744,744,744,-177.9025|Stomach
744,744,744,744,-177.3989|Stomach
744,744,744,744,-177.1616|Stomach
744,744,744,744,-177.3918|Stomach
744,744,744,744,-178.0505|Stomach
744,744,744,744,-178.5702|Stomach
744,744,744,744,-178.7905|Stomach
744,744,744,744,-179.2260|Stomach
744,744,744,744,-179.3974|Stomach
744,744,744,744,-178.7526|Stomach
744,744,744,744,-177.6818|Stomach
744,744,744,744,-177.0746|Stomach
744,744,744,744,-176.4606|Stomach
744,744,744,744,-176.3878|Stomach
744,744,744,744,-176.6114|Stomach
744,744,744,744,-176.4852|Stomach
744,744,744,744,-177.7013|Stomach
744,744,744,744,-178.6308|Stomach
744,744,744,744,-178.9985|Stomach
744,744,744,744,179.5572|Stomach
744,744,744,744,179.2199|Stomach
744,744,744,744,179.4105|Stomach
744,744,744,744,179.4454|Stomach
744,744,744,744,179.7532|Stomach
744,744,744,744,179.0894|Stomach
744,744,744,744,-179.9221|Stomach
744,744,744,744,179.3998|Stomach
744,744,744,744,-179.9847|Stomach
744,744,744,744,-178.6237|Stomach
744,744,744,744,-178.5732|Stomach
744,744,744,744,-178.4623|Stomach
744,744,744,744,-177.3948|Stomach
744,744,744,744,-178.5623|Stomach
744,744,744,744,-178.2920|Stomach
744,744,744,744,-178.4486|Stomach
744,744,744,744,-178.5619|Stomach
744,744,744,744,-178.2829|Stomach
744,744,744,744,-179.7463|Stomach
744,744,744,744,179.2496|Stomach
744,744,744,744,179.4778|Stomach
744,744,744,744,-176.9320|Stomach
744,744,744,744,-178.8140|Stomach
744,744,744,744,177.2303|Stomach
744,744,744,744,177.1385|Stomach
744,744,744,744,-178.9943|Stomach
744,744,744,744,-179.9000|Stomach
744,744,744,744,-176.7731|Stomach
744,744,744,744,-178.1460|Stomach
744,744,744,744,-179.7561|Stomach
744,744,744,744,179.0013|Stomach
744,744,744,744,178.1394|Stomach
744,744,744,744,179.6529|Stomach
744,744,744,744,176.5959|Stomach
744,744,744,744,-176.3571|Stomach
744,744,744,744,-177.0530|Stomach
744,744,744,744,-178.0769|Stomach
744,744,744,744,-178.1500|Stomach
744,744,744,744,-175.5120|Stomach
744,744,744,744,-175.6763|Stomach
744,744,744,744,-179.0465|Stomach
744,744,744,744,175.4269|Stomach
744,744,744,744,-179.2724|Stomach
744,744,744,744,-179.4476|Stomach
744,744,744,744,179.4028|Stomach
744,744,744,744,178.9906|Stomach
744,744,744,744,179.1533|Stomach
744,744,744,744,-176.8497|Stomach
744,744,744,744,-176.8942|Stomach
744,744,744,744,178.8931|Stomach
744,744,744,744,177.4470|Stomach
744,744,744,744,177.1810|Stomach
744,744,744,744,179.1126|Stomach
744,744,744,744,-177.3289|Stomach
744,744,744,744,-177.7088|Stomach
744,744,744,744,-176.4366|Stomach
744,744,744,744,-177.2583|Stomach
744,744,744,744,-176.5879|Stomach
744,744,744,744,-177.4739|Stomach
744,744,744,744,178.2305|Stomach
744,744,744,744,176.4332|Stomach
744,744,744,744,178.4885|Stomach
744,744,744,744,-179.2709|Stomach
744,744,744,744,-175.9353|Stomach
744,744,744,744,-175.1620|Stomach
744,744,744,744,-175.4419|Stomach
744,744,744,744,-177.1964|Stomach
744,744,744,744,179.8591|Stomach
744,744,744,744,176.3424|Stomach
744,744,744,744,-179.1872|Stomach
744,744,744,744,-179.3581|Stomach
744,744,744,744,-177.2063|Stomach
744,744,744,744,-178.3454|Stomach
744,744,744,744,-178.4155|Stomach
744,744,744,744,-173.0683|Stomach
744,744,744,744,-174.8553|Stomach
744,744,744,744,176.9125|Stomach
744,744,744,744,-179.5606|Stomach
744,744,744,744,-179.2404|Stomach
744,744,744,744,179.4449|Stomach
744,744,744,744,-178.8574|Stomach
744,744,744,744,178.2348|Stomach
744,744,744,744,179.7035|Stomach
744,744,744,744,179.7776|Stomach
744,744,744,744,178.8518|Stomach
744,744,744,744,175.6588|Stomach
744,744,744,744,173.8437|Stomach
744,744,744,744,177.4207|Stomach
744,744,744,744,179.6006|Stomach
744,744,744,744,-177.5390|Stomach
744,744,744,744,-178.7060|Stomach
744,744,744,744,-176.5880|Stomach
744,744,744,744,-177.0753|Stomach
744,744,744,744,-179.0158|Stomach
744,744,744,744,-178.0180|Stomach
744,744,744,744,-179.5668|Stomach
744,744,744,744,-179.4527|Stomach
744,744,744,744,-178.0893|Stomach
744,744,744,744,-178.5020|Stomach
744,744,744,744,-177.0574|Stomach
744,744,744,744,-177.3237|Stomach
744,744,744,744,-177.1985|Stomach
744,744,744,744,-177.0247|Stomach
744,744,744,744,-176.8977|Stomach
744,744,744,744,-178.2140|Stomach
744,744,744,744,-177.3308|Stomach
744,744,744,744,-179.7490|Stomach
744,744,744,744,-178.2242|Stomach
744,744,744,744,-177.1300|Stomach
744,744,744,744,-177.6498|Stomach
744,744,744,744,-177.9744|Stomach
744,744,744,744,-178.0955|Stomach
744,744,744,744,-179.2596|Stomach
744,744,744,744,-179.4582|Stomach
744,744,744,744,-179.9078|Stomach
744,744,744,744,-179.7804|Stomach
744,744,744,744,-179.0439|Stomach
744,744,744,744,-178.6124|Stomach
744,744,744,744,-178.0190|Stomach
744,744,744,744,-176.4069|Stomach
744,744,744,744,-176.9023|Stomach
744,744,744,744,-175.9468|Stomach
744,744,744,744,-176.0674|Stomach
744,744,744,744,-177.3988|Stomach
744,744,744,744,-177.4907|Stomach
744,744,744,744,-178.2997|Stomach
744,744,744,744,-177.9496|Stomach
744,744,744,744,-178.7707|Stomach
744,744,744,744,-179.3385|Stomach
744,744,744,744,-179.2728|Stomach
744,744,744,744,-178.8539|Stomach
744,744,744,744,-178.2424|Stomach
744,744,744,744,-178.5846|Stomach
744,744,744,744,-178.5773|Stomach
744,744,744,744,-179.4301|Stomach
744,744,744,744,-179.5185|Stomach
744,744,744,744,-179.4898|Stomach
744,744,744,744,-179.3777|Stomach
744,744,744,744,-179.1251|Stomach
744,744,744,744,-178.8712|Stomach
744,744,744,744,-179.1603|Stomach
744,744,744,744,-179.5782|Stomach
744,744,744,744,-179.5134|Stomach
744,744,744,744,179.4275|Stomach
744,744,744,744,179.8644|Stomach
744,744,744,744,179.7793|Stomach
744,744,744,744,-179.4652|Stomach
744,744,744,744,-179.6142|Stomach
744,744,744,744,-179.7959|Stomach
744,744,743,744,-179.4064|Stomach
744,744,743,743,-179.2786|Stomach
744,744,744,744,-179.3756|Stomach
744,744,744,744,-179.8172|Stomach
744,744,744,744,-179.6836|Stomach
744,744,744,744,-179.4032|Stomach
744,744,743,743,-179.5039|Stomach
744,744,744,744,-179.2280|Stomach
743,744,744,744,-178.8705|Stomach
744,744,744,743,-178.7517|Stomach
744,744,744,744,-178.3886|Stomach
744,744,744,743,-178.6489|Stomach
743,744,743,744,-178.6949|Stomach
744,743,743,744,-179.0133|Stomach
744,743,744,743,-178.7895|Stomach
744,744,743,743,-178.9933|Stomach
744,743,743,743,-178.8803|Stomach
743,743,743,743,-178.8253|Stomach
744,744,743,743,-178.5417|Stomach
744,744,743,743,-178.7560|Stomach
744,743,744,743,-178.5931|Stomach
743,743,743,743,-178.3393|Stomach
743,743,744,744,-178.3386|Stomach
743,743,743,744,-178.2539|Stomach
744,743,743,744,-178.8504|Stomach
743,743,743,743,-178.5165|Stomach
743,744,743,743,-178.6561|Stomach
744,743,743,743,-178.7388|Stomach
743,743,743,743,-178.9891|Stomach
743,743,743,744,-178.5580|Stomach
743,743,743,743,-179.0308|Stomach
743,743,743,743,-178.8600|Stomach
743,743,743,744,-178.5569|Stomach
743,743,743,743,-178.5984|Stomach
743,743,743,743,-178.4478|Stomach
744,743,743,743,-178.8247|Stomach
743,743,743,743,-178.0833|Stomach
743,743,743,743,-178.8885|Stomach
743,743,743,743,-178.8263|Stomach
743,743,744,743,-179.0648|Stomach
743,743,743,743,-178.9057|Stomach
743,743,743,743,-178.7769|Stomach
743,743,743,743,-178.8928|Stomach
743,743,743,743,-178.3561|Stomach
743,743,743,743,-178.7712|Stomach
743,743,743,743,-178.7869|Stomach
743,743,743,743,-178.8229|Stomach
743,743,743,743,-179.1692|Stomach
743,743,743,743,-178.9724|Stomach
743,743,743,743,-179.1485|Stomach
743,743,743,743,-179.0672|Stomach
743,743,743,743,-179.1597|Stomach
743,743,743,743,-178.8954|Stomach
743,743,743,743,-178.5873|Stomach
743,743,743,743,-178.3721|Stomach
743,743,743,743,-178.2988|Stomach
743,743,743,743,-178.6864|Stomach
743,743,743,743,-178.8053|Stomach
743,743,743,743,-178.7968|Stomach
743,743,743,743,-178.5351|Stomach
743,743,743,743,-178.3634|Stomach
743,743,743,743,-178.6154|Stomach
743,743,743,743,-178.5671|Stomach
743,743,743,743,-178.8651|Stomach
743,743,743,743,-178.7792|Stomach
743,743,743,743,-178.9035|Stomach
743,743,743,743,-179.0055|Stomach
743,743,743,743,-178.3922|Stomach
743,743,743,743,-178.4767|Stomach
743,743,743,743,-178.5653|Stomach
743,743,743,743,-178.7293|Stomach
743,743,743,743,-178.3153|Stomach
743,743,743,743,-178.7358|Stomach
743,743,743,743,-178.7458|Stomach
743,743,743,743,-178.7831|Stomach
743,743,743,743,-178.6164|Stomach
743,743,743,743,-178.9084|Stomach
743,743,743,743,-178.6974|Stomach
743,743,743,743,-178.4729|Stomach
743,743,743,743,-178.6156|Stomach
743,743,743,743,-178.8460|Stomach
743,743,743,743,-178.6171|Stomach
743,743,743,743,-179.2606|Stomach
743,743,743,743,-178.8870|Stomach
743,743,743,743,-178.8278|Stomach
743,743,743,743,-178.8204|Stomach
743,743,743,743,-179.0667|Stomach
743,743,743,743,-178.8495|Stomach
743,743,743,743,-178.4970|Stomach
743,743,743,743,-178.4666|Stomach
743,743,743,743,-178.4168|Stomach
743,743,743,743,-178.2402|Stomach
743,743,743,743,-178.5024|Stomach
743,743,743,743,-178.6061|Stomach
743,743,743,743,-178.6492|Stomach
743,743,743,743,-179.0262|Stomach
743,743,743,743,-178.9989|Stomach
743,743,743,743,-179.5203|Stomach
743,743,743,743,-179.7567|Stomach
743,743,743,743,-178.7677|Stomach
743,743,743,743,-178.7066|Stomach
743,743,743,743,-179.0818|Stomach
743,743,743,743,-178.7206|Stomach
743,743,743,743,-178.7077|Stomach
743,743,743,743,-178.6171|Stomach
743,743,743,743,-178.6593|Stomach
743,743,743,743,-178.5845|Stomach
743,743,743,743,-178.8336|Stomach
743,743,743,743,-179.1697|Stomach
743,743,743,743,-178.0908|Stomach
743,743,743,743,-179.2987|Stomach
743,743,743,743,-178.7276|Stomach
743,743,743,743,-178.4770|Stomach
743,743,743,743,-178.7579|Stomach
743,743,743,743,-178.4616|Stomach
743,743,743,743,-178.6583|Stomach
743,743,743,743,-179.7870|Stomach
743,743,743,743,-178.8609|Stomach
743,743,743,743,-178.7769|Stomach
743,743,743,743,-179.0541|Stomach
743,743,743,743,-179.3792|Stomach
743,743,743,743,-179.1281|Stomach
743,743,743,743,-179.0244|Stomach
743,743,743,743,-179.5184|Stomach
743,743,743,743,-179.2606|Stomach
743,743,743,743,-178.7060|Stomach
743,743,743,743,-179.2217|Stomach
743,743,743,743,-179.4089|Stomach
743,743,743,743,-178.6242|Stomach
743,743,743,743,-178.0644|Stomach
743,743,743,743,-177.8101|Stomach
743,743,743,743,-177.0985|Stomach
743,743,743,743,-177.8783|Stomach
743,743,743,743,-178.2712|Stomach
743,743,743,743,-178.3408|Stomach
743,743,743,743,-178.5387|Stomach
743,743,743,743,-178.6422|Stomach
743,743,743,743,-178.4005|Stomach
743,743,743,743,-179.8491|Stomach
743,743,743,743,-179.1258|Stomach
743,743,743,743,-179.0896|Stomach
743,743,743,743,-179.1109|Stomach
743,743,743,743,-179.1467|Stomach
743,743,743,743,-178.7343|Stomach
743,743,743,743,-178.5254|Stomach
743,743,743,743,-177.9044|Stomach
743,743,743,743,-178.3583|Stomach
743,743,743,743,-178.4105|Stomach
743,743,743,743,-178.0094|Stomach
743,743,743,743,-178.4400|Stomach
743,743,743,743,-178.6727|Stomach
743,743,743,743,-178.3276|Stomach
743,743,743,743,-178.0355|Stomach
743,743,743,743,-178.4226|Stomach
743,743,743,743,-178.6723|Stomach
743,743,743,743,-178.8623|Stomach
743,743,743,743,-178.8817|Stomach
743,743,743,743,-178.7999|Stomach
743,743,743,743,-179.2871|Stomach
743,743,743,743,-179.1479|Stomach
743,743,743,743,-179.2505|Stomach
743,743,743,743,-178.1775|Stomach
743,743,743,743,-179.3883|Stomach
743,743,743,743,-179.6127|Stomach
743,743,743,743,-179.4101|Stomach
743,743,743,743,-179.1688|Stomach
743,743,743,743,-178.9091|Stomach
743,743,743,743,-178.9732|Stomach
743,743,743,743,-178.7940|Stomach
743,743,743,743,-179.4359|Stomach
743,743,743,743,-179.3993|Stomach
743,743,743,743,-179.3212|Stomach
743,743,743,743,-179.1624|Stomach
743,743,743,743,-179.3022|Stomach
742,743,743,743,-179.2903|Stomach
743,743,743,743,-179.0837|Stomach
743,743,743,743,-178.0819|Stomach
743,743,743,743,-178.7873|Stomach
743,743,743,743,-178.7952|Stomach
743,743,743,743,-178.3500|Stomach
743,743,743,743,-178.7073|Stomach
743,743,743,743,-178.1196|Stomach
743,743,743,743,-178.3171|Stomach
743,743,743,743,-178.4646|Stomach
742,742,743,743,-178.2629|Stomach
742,743,742,743,-178.5377|Stomach
743,743,742,743,-178.3822|Stomach
742,743,742,743,-178.6781|Stomach
742,743,743,743,-178.8669|Stomach
742,743,742,743,-179.5798|Stomach
743,743,743,742,-179.0060|Stomach
743,743,743,742,-178.9377|Stomach
742,743,743,743,-179.1597|Stomach
742,743,742,743,-178.9182|Stomach
742,742,742,742,-179.1924|Stomach
742,742,742,742,-179.1102|Stomach
742,742,742,742,-178.9783|Stomach
742,742,742,742,-178.9044|Stomach
742,742,742,742,-178.8749|Stomach
742,743,742,743,-178.6204|Stomach
742,742,742,743,-178.8636|Stomach
742,742,742,742,-179.0723|Stomach
743,742,742,742,-179.0109|Stomach
743,743,742,742,-178.9995|Stomach
742,743,742,742,-178.1425|Stomach
743,742,742,742,-178.8560|Stomach
742,742,742,742,-178.5488|Stomach
742,742,742,742,-178.5200|Stomach
742,742,743,743,-178.4327|Stomach
742,742,743,742,-178.6267|Stomach
742,742,742,742,-179.0117|Stomach
742,742,742,742,-178.7256|Stomach
742,742,742,742,-178.8096|Stomach
742,742,742,742,-178.5485|Stomach
742,742,742,742,-179.8625|Stomach
742,742,742,742,-178.8917|Stomach
742,742,742,742,-179.7884|Stomach
742,742,742,742,-178.4523|Stomach
742,742,742,742,-178.7206|Stomach
742,742,742,742,-178.8169|Stomach
742,742,742,742,-178.9234|Stomach
742,742,742,742,-179.0937|Stomach
742,742,742,742,-179.5789|Stomach
742,742,742,742,-178.7736|Stomach
742,742,742,742,-179.9849|Stomach
742,742,742,742,-178.8942|Stomach
742,742,742,742,-178.7230|Stomach
742,742,742,742,-178.6695|Stomach
742,742,742,742,-178.8163|Stomach
742,742,742,742,-178.2252|Stomach
742,742,742,742,-178.9512|Stomach
742,742,742,742,-179.0349|Stomach
742,742,742,742,-178.7831|Stomach
742,742,742,742,-178.5391|Stomach
742,742,742,742,-179.8649|Stomach
742,742,742,742,-178.1038|Stomach
742,742,742,742,-179.0037|Stomach
742,742,742,742,-179.3338|Stomach
742,742,742,742,-178.6502|Stomach
742,742,742,742,-178.7638|Stomach
742,742,742,742,-178.4172|Stomach
742,742,742,742,-178.8942|Stomach
742,742,742,742,-178.1351|Stomach
742,742,742,742,-178.9676|Stomach
742,742,742,742,-178.8824|Stomach
742,742,742,742,-179.0872|Stomach
742,742,742,742,-179.3627|Stomach
742,742,742,742,-178.7792|Stomach
742,742,742,742,-178.8896|Stomach
742,742,742,742,-178.8847|Stomach
742,742,742,742,-178.9668|Stomach
742,742,742,742,-178.7622|Stomach
742,742,742,742,-178.7834|Stomach
742,742,742,742,-178.3544|Stomach
742,742,742,742,-178.6593|Stomach
742,742,742,742,-178.5751|Stomach
742,742,742,742,-178.6791|Stomach
742,742,742,742,-178.7815|Stomach
742,742,742,742,-178.5017|Stomach
742,742,742,742,-178.7840|Stomach
742,742,742,742,-178.5507|Stomach
742,742,742,742,-179.1884|Stomach
742,742,742,742,-179.2416|Stomach
742,742,742,742,-179.3458|Stomach
742,742,742,742,-179.0608|Stomach
742,742,742,742,-179.8790|Stomach
742,742,742,742,-179.6100|Stomach
742,742,742,742,-178.2598|Stomach
742,742,742,742,-178.5630|Stomach
742,742,742,742,-178.9114|Stomach
742,742,742,742,-178.1839|Stomach
742,742,742,742,-179.1675|Stomach
742,742,742,742,-179.2823|Stomach
742,742,742,742,-178.7431|Stomach
742,742,742,742,-178.4315|Stomach
742,742,742,742,-178.4005|Stomach
742,742,742,742,-178.6303|Stomach
742,742,742,742,-179.0601|Stomach
742,742,742,742,-178.8364|Stomach
742,742,742,742,-179.1622|Stomach
742,742,742,742,-178.8188|Stomach
742,742,742,742,-178.3264|Stomach
742,742,742,742,-178.9706|Stomach
742,742,742,742,-178.4753|Stomach
742,742,742,742,-178.6415|Stomach
742,742,742,742,-178.8169|Stomach
742,742,742,742,-179.0029|Stomach
742,742,742,742,-178.4596|Stomach
742,742,742,742,-178.8669|Stomach
742,742,742,742,-179.2915|Stomach
742,742,742,742,-178.7093|Stomach
742,742,742,742,-178.8037|Stomach
742,742,742,742,-178.2233|Stomach
742,742,742,742,-179.2293|Stomach
742,742,742,742,-178.9880|Stomach
742,742,742,742,-178.9702|Stomach
742,742,742,742,-178.6072|Stomach
742,742,742,742,-178.7117|Stomach
742,742,742,742,-178.6253|Stomach
742,742,742,742,-178.9851|Stomach
742,742,742,742,-179.3947|Stomach
742,742,742,742,-178.8582|Stomach
742,742,742,742,-178.6422|Stomach
742,742,742,742,-178.6783|Stomach
742,742,742,742,-178.7142|Stomach
742,742,742,742,-178.2323|Stomach
742,742,742,742,-178.9095|Stomach
742,742,742,742,-179.5024|Stomach
742,742,742,742,-178.6984|Stomach
742,742,742,742,-178.8404|Stomach
742,742,742,742,-179.0484|Stomach
742,742,742,742,-178.9049|Stomach
742,742,742,742,-179.3322|Stomach
742,742,742,742,-178.1465|Stomach
742,742,742,742,-178.3801|Stomach
742,742,742,742,-178.6429|Stomach
742,742,742,742,-178.6871|Stomach
742,742,742,742,-178.6010|Stomach
742,742,742,742,-178.6582|Stomach
742,742,742,742,-178.8205|Stomach
742,742,742,742,-178.9686|Stomach
742,742,742,742,-178.3922|Stomach
742,742,742,742,-178.2748|Stomach
742,742,742,742,-178.8176|Stomach
742,742,742,742,-178.7300|Stomach
742,742,742,742,-178.4461|Stomach
742,742,742,742,-178.7130|Stomach
742,742,742,742,-178.9928|Stomach
742,742,742,742,-179.9389|Stomach
742,742,742,742,-178.9072|Stomach
742,742,742,742,-179.0010|Stomach
742,742,742,742,-178.5948|Stomach
742,742,742,742,-179.0514|Stomach
742,742,742,742,-178.9807|Stomach
742,742,742,742,-179.0308|Stomach
742,742,742,742,-179.1451|Stomach
742,742,742,742,-179.9084|Stomach
742,742,742,742,-179.8328|Stomach
742,742,742,742,-178.6332|Stomach
742,742,742,742,-178.4198|Stomach
742,742,742,742,-178.5991|Stomach
742,742,742,742,-178.6953|Stomach
742,742,742,742,-179.0497|Stomach
742,742,742,742,-179.0204|Stomach
742,742,742,742,-179.0199|Stomach
742,742,742,742,-178.9952|Stomach
742,742,742,742,-179.8179|Stomach
742,742,742,742,-178.5758|Stomach
742,742,742,742,-178.7446|Stomach
742,742,742,742,-179.8464|Stomach
742,742,742,742,-178.7236|Stomach
742,742,742,742,-178.6636|Stomach
742,742,742,742,-179.0303|Stomach
742,742,742,742,-179.0449|Stomach
742,742,742,742,-178.8287|Stomach
742,742,742,742,-179.2278|Stomach
742,742,742,742,-179.8954|Stomach
742,742,742,742,-179.1303|Stomach
742,742,742,742,-179.0439|Stomach
742,742,742,742,-178.5431|Stomach
742,742,742,742,-178.4412|Stomach
742,742,742,742,-178.6084|Stomach
742,742,742,742,-178.1841|Stomach
742,742,742,742,-178.8358|Stomach
742,742,742,742,-178.7005|Stomach
742,742,742,742,-178.5212|Stomach
742,742,742,742,-178.3931|Stomach
742,742,742,742,-178.4865|Stomach
742,742,742,742,-179.7425|Stomach
742,742,742,742,-179.0772|Stomach
742,742,742,742,-178.5490|Stomach
742,742,742,742,-178.5304|Stomach
742,742,742,742,-178.7105|Stomach
742,742,742,742,-178.6862|Stomach
742,742,742,742,-178.1494|Stomach
742,742,742,742,-178.6936|Stomach
742,742,742,742,-178.5835|Stomach
742,742,742,742,-178.9041|Stomach
742,742,742,742,-178.4839|Stomach
742,742,742,742,-178.3844|Stomach
742,742,742,742,-178.2501|Stomach
742,742,742,742,-178.1709|Stomach
742,742,742,742,-178.5649|Stomach
742,742,742,742,-178.6386|Stomach
742,742,742,742,-178.4889|Stomach
742,742,742,742,-178.2296|Stomach
742,742,742,742,-178.8779|Stomach
742,742,742,742,-179.0190|Stomach
742,742,742,742,-178.8433|Stomach
742,742,742,742,-178.9786|Stomach
742,742,742,742,-178.9142|Stomach
742,742,742,742,-179.0015|Stomach
742,742,742,742,-178.7139|Stomach
742,742,742,742,-178.3612|Stomach
742,742,742,742,-178.5554|Stomach
742,742,742,742,-178.4226|Stomach
742,742,742,742,-178.6528|Stomach
742,742,742,742,-178.4802|Stomach
742,742,742,742,-178.8040|Stomach
742,742,742,742,-178.3069|Stomach
742,742,742,742,-178.7789|Stomach
742,742,742,742,-178.3016|Stomach
742,742,742,742,-178.8330|Stomach
742,742,742,742,-178.7556|Stomach
742,742,742,742,-178.2111|Stomach
742,742,742,742,-178.5781|Stomach
742,742,742,742,-178.7610|Stomach
742,742,742,742,-178.7687|Stomach
742,742,742,742,-178.7927|Stomach
742,742,742,742,-179.0512|Stomach
742,742,742,742,-179.2243|Stomach
742,742,742,742,-178.8401|Stomach
742,742,742,742,-178.3225|Stomach
742,742,742,742,-178.6887|Stomach
742,742,742,742,-178.1597|Stomach
742,742,742,742,-178.2039|Stomach
742,742,742,742,-178.3019|Stomach
742,742,742,742,-178.1563|Stomach
742,742,742,742,-178.9317|Stomach
742,742,742,742,-179.9691|Stomach
742,742,742,742,-179.0745|Stomach
742,742,742,742,-179.0522|Stomach
742,742,742,742,-179.8494|Stomach
742,742,742,742,-179.5481|Stomach
742,742,742,742,-179.9701|Stomach
742,742,742,742,-178.7488|Stomach
742,742,742,742,-178.4937|Stomach
742,742,742,742,-178.2940|Stomach
742,742,742,742,-178.5912|Stomach
742,742,742,742,-177.6536|Stomach
742,742,742,742,-177.2000|Stomach
742,742,742,742,-177.5414|Stomach
742,742,742,742,-177.6380|Stomach
742,742,742,742,-177.4111|Stomach
742,742,742,742,-177.5236|Stomach
742,742,742,742,-178.4445|Stomach
742,742,742,742,-178.7695|Stomach
742,742,742,742,-179.8473|Stomach
742,742,742,742,-179.8329|Stomach
742,742,742,742,-178.9989|Stomach
742,742,742,742,-178.9239|Stomach
742,742,742,742,-178.2452|Stomach
742,742,742,742,-177.2708|Stomach
742,742,742,742,-177.1657|Stomach
742,742,742,742,-176.3504|Stomach
742,742,742,742,-177.4775|Stomach
742,742,742,742,-178.0052|Stomach
742,742,742,742,-177.9877|Stomach
742,742,742,742,-177.9124|Stomach
742,742,742,742,-177.3679|Stomach
742,742,742,742,-177.8101|Stomach
742,742,742,742,-177.2723|Stomach
742,742,742,742,-178.4563|Stomach
742,742,742,742,-178.2399|Stomach
742,742,742,742,-178.1894|Stomach
742,742,742,742,-179.1429|Stomach
742,742,742,742,-179.2297|Stomach
742,742,742,742,-179.0987|Stomach
742,742,742,742,-178.3531|Stomach
742,742,742,742,-178.2301|Stomach
742,742,742,742,-178.4514|Stomach
742,742,742,742,-178.2776|Stomach
742,742,742,742,-178.1988|Stomach
742,742,742,742,-177.6617|Stomach
742,742,742,742,-178.7105|Stomach
742,742,742,742,-178.2643|Stomach
742,742,742,742,-177.9860|Stomach
742,742,742,742,-177.2765|Stomach
742,742,742,742,-177.4290|Stomach
742,742,742,742,-177.4030|Stomach
742,742,742,742,-177.6308|Stomach
742,742,742,742,-177.7399|Stomach
742,742,742,742,-178.3473|Stomach
742,742,742,742,-178.4502|Stomach
742,742,742,742,-179.0436|Stomach
742,742,742,742,-179.1773|Stomach
742,742,742,742,-179.1370|Stomach
742,742,742,742,-178.7938|Stomach
742,742,742,742,-178.6805|Stomach
742,742,742,742,-178.4592|Stomach
742,742,742,742,-178.4394|Stomach
742,742,742,742,-178.8441|Stomach
742,742,742,742,-178.5371|Stomach
742,742,742,742,-178.7389|Stomach
742,742,742,742,-177.7716|Stomach
742,742,742,742,-177.8302|Stomach
742,742,742,742,-177.6389|Stomach
742,742,742,742,-177.5861|Stomach
742,742,742,742,-177.5475|Stomach
742,742,742,742,-177.7712|Stomach
742,742,742,742,-177.9125|Stomach
742,742,742,742,-178.1479|Stomach
742,742,742,742,-178.2457|Stomach
742,742,742,742,-177.7686|Stomach
742,742,742,742,-177.5989|Stomach
742,742,742,742,-178.4588|Stomach
742,742,742,742,-177.1947|Stomach
742,742,742,742,-177.9174|Stomach
742,742,742,742,-177.8666|Stomach
742,742,742,742,-177.6918|Stomach
742,742,742,742,-178.0157|Stomach
742,742,742,742,-177.9083|Stomach
742,742,742,742,-177.6907|Stomach
742,742,742,742,-177.7522|Stomach
742,742,742,742,-177.3191|Stomach
741,741,741,741,-177.3850|Stomach
741,741,741,741,-178.5375|Stomach
741,742,741,742,-178.1937|Stomach
741,741,741,741,-178.5438|Stomach
741,741,741,741,-178.4424|Stomach
741,741,742,741,-178.5612|Stomach
741,741,741,741,-177.1784|Stomach
741,741,741,741,-177.6848|Stomach
741,741,741,741,-178.8346|Stomach
741,742,741,741,-178.9742|Stomach
741,741,741,741,-178.2900|Stomach
741,741,742,741,-178.3054|Stomach
741,741,742,742,-178.5375|Stomach
742,742,742,742,-177.5323|Stomach
742,742,742,742,-177.9519|Stomach
742,742,742,742,-178.1791|Stomach
742,742,742,742,-178.2893|Stomach
742,742,742,742,-178.3656|Stomach
742,742,742,742,-178.0914|Stomach
742,742,742,742,-178.4733|Stomach
742,742,742,742,-178.1219|Stomach
742,742,742,742,-177.8723|Stomach
742,742,742,742,-177.9393|Stomach
742,742,742,742,-178.2115|Stomach
742,742,742,742,-177.6756|Stomach
742,742,742,742,-177.6760|Stomach
742,742,742,742,-177.9775|Stomach
742,742,742,742,-177.0275|Stomach
742,742,742,742,-176.8920|Stomach
742,742,742,742,-178.0123|Stomach
742,742,742,742,-177.4637|Stomach
742,742,742,742,-177.7684|Stomach
742,742,742,742,-178.4374|Stomach
742,742,742,742,-178.9631|Stomach
742,742,742,742,-178.6295|Stomach
742,742,742,742,-178.3877|Stomach
742,742,742,742,-178.6755|Stomach
742,742,742,742,-177.6728|Stomach
742,742,742,742,-177.7599|Stomach
742,742,742,742,-177.8784|Stomach
742,742,742,742,-177.6198|Stomach
742,742,742,742,-177.9628|Stomach
742,742,742,742,-178.2721|Stomach
742,742,742,742,-178.0490|Stomach
742,742,742,742,-177.9867|Stomach
742,742,742,742,-178.0914|Stomach
742,742,742,742,-177.1902|Stomach
742,742,742,742,-178.4394|Stomach
742,742,742,742,-178.6462|Stomach
742,742,742,742,-178.5095|Stomach
742,742,742,742,-178.6967|Stomach
742,742,742,742,-178.8169|Stomach
742,742,742,742,-178.0220|Stomach
742,742,742,742,-178.1968|Stomach
742,742,742,742,-178.3443|Stomach
742,742,742,742,-178.4854|Stomach
742,742,742,742,-178.5940|Stomach
742,742,742,742,-178.4255|Stomach
742,742,742,742,-178.4596|Stomach
742,742,742,742,-178.1670|Stomach
742,742,742,742,-177.1749|Stomach
742,742,742,742,-177.7216|Stomach
742,742,742,742,-178.0171|Stomach
742,742,742,742,-177.9229|Stomach
742,742,742,742,-177.8800|Stomach
742,742,742,742,-177.1293|Stomach
742,742,742,742,-178.9256|Stomach
742,742,742,742,-178.3386|Stomach
742,742,742,742,-178.1711|Stomach
742,742,742,742,-177.9042|Stomach
742,742,742,742,-177.6040|Stomach
742,742,742,742,-177.9984|Stomach
742,742,742,742,-178.8776|Stomach
742,742,742,742,-177.1240|Stomach
742,742,742,742,-178.4236|Stomach
742,742,742,742,-178.4733|Stomach
742,742,742,742,-178.3527|Stomach
742,742,742,742,-178.8851|Stomach
742,742,742,742,-178.9592|Stomach
742,742,742,742,-178.7171|Stomach
742,742,742,742,-178.1553|Stomach
742,742,742,742,-177.5675|Stomach
742,742,742,742,-177.7397|Stomach
742,742,742,742,-177.6134|Stomach
742,742,742,742,-178.1142|Stomach
742,742,742,742,-178.9044|Stomach
742,742,742,742,-178.5966|Stomach
742,742,742,742,-178.6643|Stomach
742,742,742,742,-178.9410|Stomach
742,742,742,742,-178.0616|Stomach
742,742,742,742,-178.3081|Stomach
742,742,742,742,-178.5250|Stomach
742,742,742,742,-178.7907|Stomach
742,742,742,742,-179.0292|Stomach
742,742,742,742,-178.6716|Stomach
742,742,742,742,-178.6660|Stomach
742,742,742,742,-178.3025|Stomach
742,742,742,742,-178.3647|Stomach
742,742,742,742,-178.3428|Stomach
742,742,742,742,-178.9380|Stomach
742,742,742,742,-178.3673|Stomach
742,742,742,742,-178.5343|Stomach
742,742,742,742,-178.9352|Stomach
742,742,742,742,-178.6618|Stomach
742,742,742,742,-178.4437|Stomach
742,742,742,742,-177.2967|Stomach
742,742,742,742,-177.9783|Stomach
742,742,742,742,-178.3888|Stomach
742,742,742,742,-177.7463|Stomach
742,742,742,742,-177.1977|Stomach
742,742,742,742,-179.0083|Stomach
742,742,742,742,-178.1161|Stomach
742,742,742,742,-178.5465|Stomach
742,742,742,742,-178.3135|Stomach
742,742,742,742,-178.2870|Stomach
742,742,742,742,-178.1800|Stomach
742,742,742,742,-178.5312|Stomach
742,742,742,742,-178.3712|Stomach
742,742,742,742,-178.2268|Stomach
742,742,742,742,-178.4157|Stomach
742,742,742,742,-178.5218|Stomach
742,742,742,742,-178.4733|Stomach
742,742,742,742,-178.0738|Stomach
742,742,742,742,-178.5397|Stomach
742,742,742,742,-177.6505|Stomach
742,742,742,742,-177.9949|Stomach
742,742,742,742,-178.0361|Stomach
742,742,742,742,-178.6292|Stomach
742,742,742,742,-178.4593|Stomach
742,742,742,742,-178.5308|Stomach
742,742,742,742,-178.4313|Stomach
742,742,742,742,-179.6661|Stomach
742,742,742,742,-178.2675|Stomach
742,742,742,742,-178.7474|Stomach
742,742,742,742,-178.8916|Stomach
742,742,742,742,-178.5709|Stomach
742,742,742,742,-178.7246|Stomach
742,742,742,742,-178.5709|Stomach
742,742,742,742,-178.4847|Stomach
742,742,742,742,-178.3036|Stomach
742,742,742,742,-178.7697|Stomach
742,742,742,742,-178.3804|Stomach
742,742,742,742,-178.3882|Stomach
742,742,742,742,-178.9759|Stomach
742,742,742,742,-177.9040|Stomach
742,742,742,742,-178.1991|Stomach
742,742,742,742,-178.1390|Stomach
742,742,742,742,-178.7147|Stomach
742,742,742,742,-178.6776|Stomach
742,742,742,742,-179.0426|Stomach
742,742,742,742,-178.7468|Stomach
742,742,742,742,-178.5320|Stomach
742,742,742,742,-178.2884|Stomach
742,742,742,742,-177.2865|Stomach
742,742,742,742,-178.2267|Stomach
742,742,742,742,-178.5193|Stomach
742,742,742,742,-178.6414|Stomach
742,742,742,742,-178.3652|Stomach
742,742,742,742,-178.5645|Stomach
742,742,742,742,-178.3426|Stomach
742,742,742,742,-178.3652|Stomach
742,742,742,742,-178.5331|Stomach
742,742,742,742,-178.8704|Stomach
742,742,742,742,-178.6189|Stomach
742,742,742,742,-179.0760|Stomach
742,742,742,742,-179.4647|Stomach
742,742,742,742,-179.4220|Stomach
742,742,742,742,-179.6839|Stomach
742,742,742,742,-179.3717|Stomach
742,742,742,742,-179.3295|Stomach
742,742,742,742,-179.2248|Stomach
742,742,742,742,-178.9271|Stomach
742,742,742,742,-178.8545|Stomach
742,742,742,742,-178.3198|Stomach
742,742,742,742,-178.5883|Stomach
742,742,742,742,-177.9524|Stomach
742,742,742,742,-177.9734|Stomach
742,742,742,742,-176.5406|Stomach
742,742,742,742,-176.2909|Stomach
742,742,742,742,-176.5887|Stomach
742,742,742,742,-176.4074|Stomach
742,742,742,742,-177.1261|Stomach
742,742,742,742,-177.0769|Stomach
742,742,742,742,-178.7882|Stomach
742,742,742,742,-179.0389|Stomach
742,742,742,742,179.1918|Stomach
